%YAML:1.0
---
calibrationDate: "The May 22 2019\n"
intri_camera1: !!opencv-matrix
   rows: 3
   cols: 3
   dt: d
   data: [ 1.9469000000000000e+02, 0., 3.2046899999999999e+02, 0.,
       1.9399400000000000e+02, 2.3898800000000000e+02, 0., 0., 1. ]
intri_camera2: !!opencv-matrix
   rows: 3
   cols: 3
   dt: d
   data: [ 1.9493799999999999e+02, 0., 3.1933699999999999e+02, 0.,
       1.9439300000000000e+02, 2.4048699999999999e+02, 0., 0., 1. ]
intri_camera3: !!opencv-matrix
   rows: 3
   cols: 3
   dt: d
   data: [ 1.9495099999999999e+02, 0., 3.1822600000000000e+02, 0.,
       1.9447499999999999e+02, 2.3992200000000000e+02, 0., 0., 1. ]
intri_camera4: !!opencv-matrix
   rows: 3
   cols: 3
   dt: d
   data: [ 1.9526800000000000e+02, 0., 3.1864100000000002e+02, 0.,
       1.9486799999999999e+02, 2.3868000000000001e+02, 0., 0., 1. ]
intri_camera5: !!opencv-matrix
   rows: 3
   cols: 3
   dt: d
   data: [ 1.9464400000000001e+02, 0., 3.1929199999999997e+02, 0.,
       1.9409200000000001e+02, 2.3907599999999999e+02, 0., 0., 1. ]
intri_camera6: !!opencv-matrix
   rows: 3
   cols: 3
   dt: d
   data: [ 1.9462899999999999e+02, 0., 3.2030200000000002e+02, 0.,
       1.9404400000000001e+02, 2.3960200000000000e+02, 0., 0., 1. ]
distort_camera1: !!opencv-matrix
   rows: 4
   cols: 1
   dt: d
   data: [ -2.6072300000000000e-02, 4.8158400000000001e-03,
       -4.9776700000000000e-03, 1.0583000000000001e-03 ]
distort_camera2: !!opencv-matrix
   rows: 4
   cols: 1
   dt: d
   data: [ -2.1250600000000001e-02, -2.7389799999999998e-03,
       -6.5006899999999997e-04, 1.6461199999999999e-04 ]
distort_camera3: !!opencv-matrix
   rows: 4
   cols: 1
   dt: d
   data: [ -1.8746599999999999e-02, -5.7913499999999998e-03,
       1.5445500000000000e-03, -4.3847800000000001e-04 ]
distort_camera4: !!opencv-matrix
   rows: 4
   cols: 1
   dt: d
   data: [ -2.3489099999999999e-02, -2.1427999999999998e-03,
       -5.4695000000000004e-04, 6.0017700000000000e-05 ]
distort_camera5: !!opencv-matrix
   rows: 4
   cols: 1
   dt: d
   data: [ -2.1602600000000000e-02, -2.9577900000000001e-03,
       1.0157000000000001e-04, -1.2371600000000001e-04 ]
distort_camera6: !!opencv-matrix
   rows: 4
   cols: 1
   dt: d
   data: [ -2.1955200000000001e-02, -8.0289100000000002e-04,
       -1.2484799999999999e-03, 1.5900300000000001e-04 ]
